return {
    8106905579,
    8056384389,
    5198151568,
    8056337737,
    8056335154,
    8056357709,
    8056306223,
    8056288901,
    8056246826,
    8056235547,
    8056223007,
    7426321696,
    5085201180,
    5198130288,
    8056377593,
    8056387004,
    8056397177,
    8056396717,
    7970750701,
    7974605519,
    7699115721,
    5402619760,
    6134202728,
    5402619760,
    6134202728,
    7970750701,
    7974605519,
    7699115721,
    5254742494,
    6034122178,
    12171601,
    7881299816,
    7881306210,
    7881375360,
    7603433731,
    7973450554,
    5260165990,
    7739024100,
    7745606774,
    1111383450,
    3679435906,
    4439234401,
    4439265392,
    4439247325,
    4439304421,
    1650972410,
    3674030480,
    4439213461,
    4694838929,
    4694720836,
    4694607184,
    4694563936,
    4694508476,
    4694890539,
    4698004267,
    4754326616,
    4754466179,
    4342692783,
    7674814500,
    4490723242,
    7910065858,
    7910073825,
    7910075957,
    7790927842,
    8024775161,
    8024786145,
    8024771743,
    4755504768,
    5786583578,
    5786584201,
    5786589553,
    5786590793,
    5786590895,
    5786592115,
    5786592178,
    5786594490,
    5786597225,
    5786597250,
    5786601852,
    5786602065,
    5786602162,
    5786606878,
    5786605319,
    5786606891,
    5056431417,
    5786594607,
    5786599607,
    7888965810,
    5299055901,
    7520637153,
    6197177276,
    8030949340,
    8106915009,
    5660920044,
    7334997615,
    6118370948,
    7397777904,
    7795499297,
    3549048382,
    7387032150,
    3549144856,
    7399809943,
    7399805987,
    30357244,
    7101274254,
    9823911,
    3955265202,
    4037653494,
    84541385,
    83854984,
    83544091,
    7717128655,
    5095909234,
    7732341212,
    7683951309,
    2848864962,
    3388364296,
    3626135984,
    7669844137,
    7542012947,
    7816690638,
    8056288901,
    5198130288,
    7774995992,
    8056306223,
    7747030599,
    389695390,
    7829297128,
    7742720844,
    4262420545,
    8053705312,
    8053710358,
    7619525347,
    7989759595,
    7741920949,
    8023646919,
    8053683691,
    8053711388,
    8053701232,
    8053690334,
    -- mhboi
    8871928,
    595252169,
    595249534,
    607541954,
    595244767,
    607548844,
    607536570,
    595253341,
    5090526659,
    595241740,
    7211818895,
    7708802208,
    8167811880,
    8223479954,
    6095791343,
    7888965810,
    8222793087,
    8166581585,
    34271639,
    5708062774,
    4755545169
}
