return {
  5025197623,
  5797940262,
  7432117021,
  5796615739,
  8024786145,
  8024771743,
  6197177276,
  7888965810,
    -- M
  607535183,
  595240513,
  607545662,
  595236746,
  607542301,
  595248199,
  595241740,
  3660807098,
  2410136103,
  595253341,
  607536570,
  607548844,
  2701012318,
  595244767,
  607541954,
  5090526659,
  7708802208,
  595249534,
  595252169,
  8871928,
  8167811880, -- lvc
  5029307322, -- RPG
  6095791343, 
  4853993011,
  4968233511,
  8159199174,
  8297855273,
  5751372202,
  5509698505, --mons
  8237566473,
  8256139302,
  8056306223, -- badem
  7774995992,
  1421231954,
  2890921716, -- anon
  6197177276,
  7888965810
}
